504 502 501 502 502 504 503 502 502 502 503 502 502 502 502 503 504 503 504 502 502 503 504 502 502 503 504 503 503 503 503 501 503 503 502 502 501 504 503 503 504 504 504 503 503 503 503 502 503 502 502 502 502 502 504 503 502 502 502 502 503 503 502 501 501 502 501 501 501 501 502 501 503 503 504 503 504 501 503 503 501 502 502 502 503 503 500 502 504 508 502 502 501 501 501 503 501 503 502 501 
La media del envío de datos sin cifrar ha sido: 0.502460 ms
789 781 781 778 781 786 780 778 781 779 781 780 782 780 779 781 782 782 780 781 781 782 780 781 788 779 780 780 785 779 782 781 779 781 781 781 781 781 780 781 781 780 781 780 781 781 781 789 779 780 781 788 779 780 781 781 781 781 780 782 782 780 781 781 781 781 779 779 780 782 788 779 781 780 788 780 780 779 781 781 781 780 780 777 781 780 781 780 781 781 782 780 780 788 781 780 781 787 779 780 
La media del envío de datos cifrados con AES-128 ha sido: 0.781150 ms
786 781 780 781 787 781 781 781 780 788 782 781 782 781 782 781 781 781 782 789 782 780 783 788 782 781 782 782 781 781 782 781 781 781 781 781 781 782 781 781 781 782 789 782 781 780 789 781 783 781 780 782 781 781 782 781 780 783 781 781 781 781 781 781 781 789 781 781 781 788 782 782 780 782 782 781 780 782 781 782 781 781 782 781 782 781 781 787 782 781 781 782 787 782 781 780 781 783 781 781 
La media del envío de datos cifrados con AES-256 ha sido: 0.782000 ms
968 967 966 965 967 975 968 967 966 966 968 968 966 966 967 966 965 966 967 964 965 969 965 964 968 968 965 964 965 966 963 964 969 966 966 966 972 967 969 967 966 967 966 967 968 967 967 965 967 966 968 966 965 966 965 967 966 965 967 967 968 965 965 968 965 966 966 973 966 968 966 964 968 964 966 965 968 967 966 968 965 965 966 969 964 965 968 967 967 968 967 968 966 966 964 965 965 967 973 966 
La media del envío de datos hasheados con MD5 ha sido: 0.966570 ms
1229 1221 1222 1221 1222 1220 1222 1222 1222 1221 1222 1221 1221 1222 1221 1222 1222 1221 1221 1222 1221 1221 1222 1222 1221 1222 1220 1221 1221 1220 1221 1227 1221 1220 1221 1221 1221 1221 1221 1221 1223 1221 1220 1221 1222 1221 1222 1220 1221 1223 1221 1222 1221 1221 1222 1222 1221 1221 1220 1222 1220 1222 1221 1221 1221 1221 1221 1220 1220 1221 1221 1228 1221 1222 1221 1221 1221 1220 1222 1221 1224 1222 1221 1220 1222 1222 1222 1221 1222 1220 1222 1221 1220 1221 1222 1222 1221 1221 1221 1222 
La media del envío de datos hasheados con SHA-1 ha sido: 1.221450 ms
1462 1462 1461 1461 1461 1460 1460 1461 1467 1459 1459 1459 1458 1459 1462 1458 1459 1462 1458 1469 1461 1462 1460 1458 1459 1459 1460 1458 1460 1459 1462 1461 1461 1458 1461 1460 1466 1459 1460 1460 1460 1459 1458 1459 1461 1459 1458 1459 1460 1461 1460 1461 1458 1459 1461 1460 1459 1459 1462 1461 1462 1461 1458 1461 1467 1459 1460 1461 1462 1460 1458 1459 1461 1459 1459 1459 1462 1458 1462 1460 1459 1463 1460 1459 1460 1461 1459 1459 1462 1460 1461 1461 1467 1459 1459 1459 1463 1461 1458 1460 
La media del envío de datos hasheados con SHA-224 ha sido: 1.460330 ms
1460 1459 1460 1461 1461 1460 1458 1461 1459 1458 1461 1459 1458 1459 1459 1462 1458 1467 1461 1460 1459 1459 1461 1462 1460 1460 1461 1459 1463 1463 1459 1461 1461 1460 1462 1460 1462 1460 1460 1459 1458 1461 1459 1461 1458 1469 1461 1462 1460 1463 1460 1460 1461 1461 1460 1458 1461 1460 1462 1460 1468 1457 1460 1461 1463 1460 1460 1459 1459 1458 1460 1459 1461 1465 1459 1460 1460 1459 1461 1459 1460 1460 1459 1459 1459 1458 1460 1462 1459 1458 1461 1461 1461 1462 1461 1462 1458 1460 1459 1461 
La media del envío de datos hasheados con SHA-256 ha sido: 1.460350 ms
1941 1937 1935 1938 1936 1938 1937 1935 1938 1939 1939 1936 1935 1938 1937 1940 1938 1935 1946 1937 1939 1936 1936 1938 1936 1939 1938 1936 1937 1934 1937 1938 1935 1937 1936 1937 1939 1943 1938 1938 1938 1939 1937 1937 1939 1938 1943 1936 1938 1937 1937 1937 1934 1937 1938 1938 1937 1942 1937 1937 1939 1937 1936 1938 1938 1938 1938 1937 1937 1938 1939 1938 1935 1938 1940 1939 1946 1935 1937 1936 1938 1939 1936 1938 1939 1939 1937 1935 1937 1938 1938 1938 1936 1937 1938 1943 1940 1935 1937 1937
La media del envío de datos hasheados con SHA-384 ha sido: 1.937720 ms
2395 2388 2390 2388 2386 2388 2387 2389 2389 2388 2388 2388 2391 2390 2389 2389 2388 2390 2387 2387 2391 2388 2389 2386 2387 2390 2388 2389 2390 2388 2389 2387 2390 2386 2388 2393 2389 2391 2390 2388 2391 2388 2390 2387 2388 2390 2388 2389 2389 2389 2390 2390 2390 2388 2390 2390 2388 2390 2388 2391 2390 2388 2390 2388 2390 2391 2386 2391 2387 2393 2390 2387 2390 2390 2393 2392 2388 2391 2389 2390 2391 2388 2388 2387 2393 2392 2386 2389 2389 2392 2390 2388 2389 2389 2392 2390 2388 2391 2389 2390 
La media del envío de datos hasheados con SHA-512 ha sido: 2.389210 ms
248512 248492 248588 248491 248463 248509 248535 248518 248500 248548 248521 248481 248505 248540 248511 248511 248511 248547 248489 248513 248531 248509 248512 248519 248541 248493 248509 248540 248503 248517 248505 248549 248511 248489 248537 248516 248508 248516 248541 248506 248504 248558 248501 248497 248518 248540 248497 248515 248533 248507 248503 248531 248520 248520 248501 248545 248493 248502 248470 248577 248508 248517 248535 248503 248524 248613 248524 248560 248500 248536 248586 248494 248473 248505 248530 248499 248528 248602 248475 248475 248504 248530 248489 248526 248480 248552 248511 248528 248530 248493 248504 248506 248545 248519 248518 248531 248489 248527 248486 248542 
La media del envío de datos hasheados con RSA-2048 ha sido: 248.517660 ms
728262 728247 728244 728222 728249 728234 728258 728214 728213 728226 728218 728284 728198 728287 728204 728213 728207 728169 728216 728267 728195 728270 728173 728222 728248 728209 728217 728236 728213 728254 728228 728292 728222 728256 728216 728244 728178 728217 728276 728250 728220 728240 728230 728232 728247 728194 728196 728246 728219 728232 728233 728204 728271 728225 728216 728221 728224 728251 728202 728176 728239 728201 728241 728209 728208 728236 728244 728199 728236 728232 728257 728208 728236 728235 728204 728278 728191 728259 728232 728231 728241 728210 728248 728197 728243 728234 728230 728223 728226 728247 728203 728196 728235 728176 728175 728210 728270 728229 728223 728238 
La media del envío de datos hasheados con RSA-3072 ha sido: 728.227570 ms
1609715 1609710 1609777 1609596 1609685 1609715 1609764 1609598 1609695 1609730 1609757 1609601 1609674 1609727 1609758 1609635 1609687 1609680 1609778 1609631 1609706 1609664 1609757 1609636 1609700 1609665 1609778 1609616 1609698 1609667 1609716 1609678 1609700 1609682 1609767 1609625 1609753 1609679 1609704 1609636 1609760 1609667 1609709 1609625 1609760 1609667 1609719 1609615 1609758 1609635 1609682 1609686 1609758 1609631 1609726 1609689 1609727 1609634 1609711 1609643 1609759 1609668 1609691 1609714 1609701 1609656 1609692 1609712 1609708 1609648 1609691 1609710 1609703 1609657 1609691 1609708 1609709 1609667 1609690 1609695 1609706 1609665 1609702 1609700 1609693 1609664 1609758 1609669 1609719 1609649 1609738 1609655 1609719 1609683 1609702 1609655 1609721 1609683 1609713 1609643
La media del envío de datos hasheados con RSA-4096 ha sido: 1609.692490 ms
Fin de la ejecución del ESP32 izquierdo
